ITS2 type profile UID		273750	273769	273610	273515	273581	273584	273516	273510	273588	273674	273598	276524	273479	273869	273746	274798	275687	275688	274887	275686	275695	274521	275934	275692	275694	275696	275014	275821	275689	274832	274834	275693	275690	274969	274331	274463	274337	275798	274837	275478	274083	274355	275908	275691	276215	276338	276127	276343	276048	276188	276046	276337	276085	276339	276235	276236	276237	276283	276372	276250	276380	276403	276282	276203	276183	276064
Clade		A	A	A	A	A	A	A	A	A	A	A	A	A	A	A	C	C	C	C	C	C	C	C	C	C	C	C	C	C	C	C	C	C	C	C	C	C	C	C	C	C	C	C	C	D	D	D	D	D	D	D	D	D	D	D	D	D	D	D	D	D	D	D	D	D	D
Majority ITS2 sequence		A3	A3	A3	A3/A6b	A3/A6b	A3	A3/A6b	A3	A3	A3	A3	A3	A3	A6e	A6b	C1	C93a	C93a/C66	C1	C93a	C93a/C66	C1/C66	C93a	C93a	C66/C93a	C93a	C1	C66	C93a/C1	C66	C1	C93a	C93a	C1	C1	C1	C1/C1c	C1	C1	C1	C1	C3	C91	C93a	D5/D4u	D5/D9b	D4/D5	D5/D4	D4	D5/D4/D9b	D1	D5	D1	D5/D4	D5	D5	D1/D5	D1	D1	D4	D5	D13a	D1	D1	D1	D1
Associated species		None	None	None	None	None	None	None	None	None	None	None	None	None	None	None	None	None	None	None	None	None	None	None	None	None	None	None	None	None	None	None	None	None	None	None	None	None	None	None	None	None	None	None	None	None	None	None	None	None	None	None	None	None	None	None	None	None	None	None	None	None	None	None	None	None	None
ITS2 profile abundance local		20	20	8	8	5	5	5	4	3	2	2	1	1	1	1	24	18	16	12	11	11	9	9	8	8	8	7	6	4	3	3	3	3	2	2	2	2	2	1	1	1	1	1	1	28	13	11	6	5	5	4	4	4	4	3	2	2	2	1	1	1	1	1	1	1	1
ITS2 profile abundance DB		22	82	15	9	7	7	16	37	7	6	5	7	5	1	5	105	18	16	1134	11	11	22	14	8	18	9	45	45	7	17	103	5	3	6	41	50	88	66	3	7	8	28	19	12	40	25	14	6	19	8	259	4	188	5	10	79	9	204	39	5	17	1	135	26	466	250
ITS2 type profile		A3-A3ab	A3	A3-A3s	A3/A6b-A3g-A6d	A3/A6b-A3g-A6d-A3ai	A3-A3ab-A3am-A3an	A6b/A3g/A3-A6d-A6c	A3-A3s-A3q-A3r	A6b/A3-A3g	A3-A3ck	A3-A6b-A3g-A3s-A6d	A3-A6b	A3-A3g	A6e	A6b/A3g	C1/C1c-C1al-C1b-C42.2	C93a-C93e-C55a	C93a/C66-C93e	C1-C1b-C1c-C42.2-C1bh-C1br-C1cb-C3	C93a-C15gv-C55a	C93a/C66-C116ac	C66/C1-C1c	C93a	C93a-C15gw-C93f	C66/C93a	C93a-C93f	C1/C3-C1c-C1b-C42.2-C1bh-C1br	C66	C1/C93a-C1c	C66-C66a	C1-C1c-C1am-C1ao-C1an-C1b-C3cm	C93a-C93h	C93a-C116ac	C1-C1c-C93a-C3	C1-C1c-C1b-C3-C42.2-C1bh	C1/C1c-C1al-C1b	C1/C1c-C1b-C72k-C42.2	C1	C1-C1c-C1w-C1b	C1/C1w	C1-C1c-C1b	C3/C3gulf	C91	C93a-C15gv	D5/D4u-D4-D9b	D4/D5/D9b-D1bq-D1br	D4/D5-D9b-D1bq-D5n	D5/D4-D9b-D17m-D17j-D5k-D17n	D4/D5-D9b-D1bq-D5o	D5/D4/D9b-D1bq	D1-D4-D4c-D1c-D2	D5-D5s-D5r	D1-D4-D4c-D6-D1c	D5/D4-D9b-D5p-D5o-D5q	D5/D4/D9b	D4/D5/D1-D9b-D17j-D17k-D17m-D17l-D7a-D17n	D1/D4/D5	D1-D4-D4c-D1c-D17d-D1r-D17c-D17e	D1	D4/D5	D5	D13a	D1-D4-D17d-D4c-D1r-D17c-D17e-D17j	D4/D5/D1-D9b	D1/D4/D2-D4c-D1c-D1h	D1-D4-D2-D4c-D6
156651	camiguin_ts_1	0	0	0	0	0	0	0	0	0	0	0	0	0	0	0	0	0	0	0	0	0	0	0	0	0	0	0	0	0	0	0	0	0	0	0	0	0	0	0	0	0	0	0	0	112389	0	0	0	0	0	0	0	0	0	0	0	0	0	0	0	0	0	0	0	0	0
156652	camiguin_ts_3	0	800	0	0	0	0	0	0	0	0	0	0	0	0	0	0	0	0	0	0	0	0	0	0	0	0	0	0	0	0	0	0	0	0	0	0	0	0	0	0	0	0	0	0	101685	0	0	0	0	0	0	0	0	0	0	0	0	0	0	0	0	0	0	0	0	0
156608	bohol_ts_2	0	0	0	0	0	0	0	0	0	206	0	0	0	0	0	0	0	0	0	0	0	0	0	0	0	0	0	0	0	0	0	0	0	0	0	0	0	0	0	0	0	0	0	0	94512	0	0	0	0	0	0	0	0	0	0	0	0	0	0	0	0	0	0	0	0	0
156609	bohol_ts_3	0	0	0	0	0	8803	0	0	0	0	0	0	0	0	0	0	0	0	0	829	0	0	0	0	0	0	0	0	0	0	0	0	0	0	0	0	0	0	0	0	0	0	0	0	94065	0	0	0	0	0	0	0	0	0	0	0	0	0	0	0	0	0	0	0	0	0
156654	mab_tg_1	0	208	0	0	0	0	0	0	0	0	0	0	0	0	0	0	0	0	0	0	0	0	0	0	0	0	0	0	0	0	0	0	0	0	0	0	0	0	0	0	0	0	0	0	78134	0	0	0	0	0	0	0	0	0	0	0	0	0	0	0	0	0	0	0	0	0
156607	bohol_ts_1	18196	0	0	0	0	0	0	0	0	0	0	0	0	0	0	0	0	0	0	321	0	0	0	0	0	0	0	0	0	0	0	0	0	0	0	0	0	33	0	0	0	0	0	0	84223	0	0	0	0	0	0	0	0	0	0	0	0	0	0	0	0	0	0	0	0	0
156596	bohol_hh_2	19201	0	0	0	0	0	0	0	0	0	0	0	0	0	0	0	0	0	0	0	0	0	0	0	0	0	0	0	0	0	0	0	0	0	0	0	0	0	0	0	0	0	0	0	88320	0	0	0	0	0	0	0	0	0	0	0	0	0	0	0	0	0	0	0	0	0
156621	cal_m_ts_5	0	0	0	0	0	0	0	0	0	0	0	0	0	0	0	0	0	0	0	0	0	0	0	15088	0	0	0	0	0	0	0	0	0	0	0	0	0	0	0	0	0	0	0	0	61760	0	0	0	0	0	0	0	0	0	0	0	0	0	0	0	0	0	0	0	0	0
156617	cal_m_tn_2	0	0	0	0	0	0	0	0	0	0	0	0	0	0	0	0	0	0	0	0	0	0	0	17925	0	0	0	0	0	0	0	0	0	0	0	0	0	0	0	0	0	0	0	0	49966	0	0	0	0	0	0	0	0	0	0	0	0	0	0	0	0	0	0	0	0	0
156653	camiguin_ts_4	0	1843	0	0	0	0	0	0	0	0	0	0	0	0	0	0	45095	0	0	0	0	0	0	0	0	0	0	0	0	0	0	0	0	0	0	0	0	0	0	0	0	0	0	0	66348	0	0	0	0	0	0	0	0	0	0	0	0	0	0	0	0	0	0	0	0	0
156666	mas_ts_1	0	0	0	0	0	0	0	0	0	0	0	0	0	0	0	0	0	0	0	0	0	0	0	0	0	0	0	34434	0	0	0	0	0	0	0	0	0	0	0	0	0	0	0	0	50845	0	0	0	0	0	0	0	0	0	0	0	0	0	0	0	0	0	0	0	0	0
156696	sem_tn_4	493	0	0	0	0	0	0	0	0	0	0	0	0	0	0	30872	0	0	0	0	0	0	0	0	0	0	0	0	0	0	0	0	0	0	0	0	0	0	0	0	0	0	0	0	47823	0	0	0	0	0	0	0	0	0	0	0	0	0	0	0	0	0	0	0	0	0
156591	bau_tn_2	493	0	0	0	0	0	0	0	0	0	0	0	0	0	0	30872	0	0	0	0	0	0	0	0	0	0	0	0	0	0	0	0	0	0	0	0	0	0	0	0	0	0	0	0	47823	0	0	0	0	0	0	0	0	0	0	0	0	0	0	0	0	0	0	0	0	0
156665	mas_tm_3	0	0	0	0	0	0	0	0	0	0	0	0	0	0	0	0	0	0	0	0	0	0	0	0	0	0	0	0	0	0	0	0	0	0	0	0	0	0	0	0	0	0	28811	0	37760	0	0	0	0	0	0	0	0	0	0	0	0	0	0	0	0	0	0	0	0	0
156683	sem_tc_7	0	0	0	0	0	0	0	0	0	0	0	0	0	0	0	77103	0	0	0	0	0	0	0	0	0	0	0	0	0	0	0	0	0	0	0	0	0	0	0	0	0	0	0	0	0	0	0	0	0	0	0	0	0	0	0	0	0	0	0	0	0	0	0	0	0	0
156578	apo_sa_tc_3	0	0	0	0	0	0	0	0	0	0	0	0	0	0	0	77103	0	0	0	0	0	0	0	0	0	0	0	0	0	0	0	0	0	0	0	0	0	0	0	0	0	0	0	0	0	0	0	0	0	0	0	0	0	0	0	0	0	0	0	0	0	0	0	0	0	0
156599	bohol_tc_4	0	0	0	432	0	0	0	0	0	0	0	0	0	0	0	90314	0	0	0	0	0	0	0	0	0	0	0	0	0	0	0	0	0	0	0	0	0	0	0	0	0	0	0	0	0	0	0	0	0	0	0	0	0	0	0	0	0	0	0	0	0	0	0	0	0	0
156615	cal_m_tm_4	0	0	0	0	0	0	0	479	0	0	0	0	0	0	0	67757	0	0	0	0	0	0	0	0	0	0	0	0	0	0	0	0	0	0	0	0	0	0	0	0	0	0	0	0	0	257	0	0	0	0	0	0	0	0	0	0	0	0	0	0	0	0	0	0	0	0
156727	samar_tm_1	0	0	0	0	0	0	0	0	0	0	0	0	0	0	0	92472	0	0	0	0	0	0	0	0	0	0	0	0	0	0	0	0	0	0	0	0	0	0	0	0	0	0	0	0	0	0	0	0	0	0	0	0	0	0	0	0	0	0	0	0	0	0	0	0	0	0
156564	apo_a_tc_3	0	0	0	0	0	0	0	0	0	0	0	0	0	0	0	112147	0	0	0	0	0	0	0	0	0	0	0	0	0	0	0	0	0	0	0	0	0	0	0	0	0	0	0	0	0	0	0	0	0	0	0	0	0	0	0	0	0	0	0	0	0	0	0	0	0	0
156567	apo_a_tm_1	0	0	0	644	0	0	0	0	0	0	0	0	0	0	0	139045	0	0	0	0	0	0	0	0	0	0	0	0	0	0	0	0	0	0	0	0	0	0	0	0	0	0	0	0	0	0	0	0	0	0	0	0	0	0	0	0	0	0	0	0	0	0	0	0	0	0
156702	sem_tm_9	0	0	0	0	0	0	0	0	0	0	0	0	0	0	0	65193	0	0	0	0	0	0	0	0	0	0	0	0	0	0	0	0	0	0	0	0	0	0	0	0	0	0	0	0	0	0	4171	0	0	0	0	0	0	0	0	0	0	0	0	0	0	0	0	0	0	0
156684	sem_tc_8	0	0	0	5399	0	0	0	0	0	0	0	0	0	0	0	67923	0	0	0	0	0	0	0	0	0	0	0	0	0	0	0	0	0	0	0	0	0	0	0	0	0	0	0	0	0	0	0	0	0	0	0	0	0	0	0	0	0	0	0	0	0	0	0	0	0	0
156579	apo_sa_tc_4	0	0	0	5399	0	0	0	0	0	0	0	0	0	0	0	67923	0	0	0	0	0	0	0	0	0	0	0	0	0	0	0	0	0	0	0	0	0	0	0	0	0	0	0	0	0	0	0	0	0	0	0	0	0	0	0	0	0	0	0	0	0	0	0	0	0	0
156699	sem_ts_5	0	0	0	0	0	0	0	0	0	0	0	0	0	0	0	59897	0	0	0	0	0	0	0	0	0	0	0	0	0	0	0	0	0	0	0	0	0	0	0	0	0	0	0	0	0	0	0	5314	0	0	0	0	0	0	0	0	0	0	0	0	0	0	0	0	0	0
156594	bau_ts_5	0	0	0	0	0	0	0	0	0	0	0	0	0	0	0	59897	0	0	0	0	0	0	0	0	0	0	0	0	0	0	0	0	0	0	0	0	0	0	0	0	0	0	0	0	0	0	0	5314	0	0	0	0	0	0	0	0	0	0	0	0	0	0	0	0	0	0
156700	sem_tm_7	0	0	0	0	0	0	206	0	0	0	0	0	0	0	0	55652	0	0	0	0	0	0	0	0	0	0	0	0	0	0	0	0	0	0	0	0	0	0	0	0	0	0	0	0	0	0	13440	0	0	0	0	0	0	0	0	0	0	0	0	0	0	0	0	0	0	0
156697	sem_ts_2	0	0	0	0	0	0	0	0	0	0	405	0	0	0	0	64122	0	0	0	0	0	0	0	0	0	0	0	0	0	0	0	0	0	0	0	0	0	0	0	0	0	0	0	0	0	0	19647	0	0	0	0	0	0	0	0	0	0	0	0	0	0	0	0	0	0	0
156593	bau_ts_2	0	0	0	0	0	0	0	0	0	0	405	0	0	0	0	64122	0	0	0	0	0	0	0	0	0	0	0	0	0	0	0	0	0	0	0	0	0	0	0	0	0	0	0	0	0	0	19647	0	0	0	0	0	0	0	0	0	0	0	0	0	0	0	0	0	0	0
156698	sem_ts_4	0	0	0	0	0	0	0	0	338	0	0	0	0	0	0	51639	0	0	0	0	0	0	0	0	0	0	0	0	0	0	0	0	0	0	0	0	0	0	0	0	0	0	0	0	0	0	20627	0	0	0	0	0	0	0	0	0	0	0	0	0	0	0	0	0	0	0
156588	bau_tm_2	0	0	0	0	0	0	0	0	338	0	0	0	0	0	0	51639	0	0	0	0	0	0	0	0	0	0	0	0	0	0	0	0	0	0	0	0	0	0	0	0	0	0	0	0	0	0	20627	0	0	0	0	0	0	0	0	0	0	0	0	0	0	0	0	0	0	0
156701	sem_tm_8	0	0	0	0	0	0	0	0	0	0	0	0	0	0	0	52701	0	0	0	0	0	0	0	0	0	0	0	0	0	0	0	0	0	0	0	0	0	0	0	0	0	0	0	0	0	0	23855	0	0	0	0	0	0	0	0	0	0	0	0	0	0	0	0	0	0	0
156583	apo_sa_tm_5	0	0	0	0	0	0	0	0	0	0	0	0	22448	0	0	36255	0	0	0	0	0	0	0	0	0	0	0	0	0	0	0	0	0	0	0	0	0	0	0	0	0	0	0	0	0	0	0	0	0	0	0	0	0	0	0	0	0	0	0	0	0	0	0	0	0	0
156728	samar_tm_3	0	111790	0	0	0	0	0	0	0	0	0	0	0	0	0	0	0	0	0	0	0	0	0	0	0	0	0	0	1963	0	0	0	0	0	0	0	0	0	0	0	0	0	0	0	1240	0	0	0	0	0	0	0	0	0	0	0	0	0	0	0	0	0	0	0	0	0
156677	sem_hh_2	0	71901	0	0	0	0	0	0	0	0	0	0	0	0	0	0	0	0	0	0	0	0	0	0	0	0	0	0	0	0	0	7314	0	0	0	0	0	0	0	0	0	0	0	0	0	0	0	0	0	2835	0	0	0	0	0	0	0	0	0	0	0	0	0	0	0	0
156634	camiguin_hh_2	0	98569	0	0	0	0	0	0	0	0	0	0	0	0	0	0	0	0	0	0	0	0	0	0	546	0	13305	0	0	0	0	0	0	0	0	0	0	0	0	0	0	0	0	0	0	0	0	0	0	0	0	0	0	0	0	0	0	0	0	0	0	0	0	0	0	0
156686	sem_td_2	0	0	0	0	0	0	0	0	0	0	0	0	0	0	0	0	91204	0	0	0	0	0	0	0	0	0	0	0	0	0	0	0	0	0	0	0	0	0	0	0	0	0	0	0	0	0	0	0	0	0	0	0	0	0	0	0	0	0	0	0	0	0	0	0	0	0
156657	mas_tc_2	0	0	0	0	0	0	0	0	0	0	0	0	0	0	0	0	91204	0	0	0	0	0	0	0	0	0	0	0	0	0	0	0	0	0	0	0	0	0	0	0	0	0	0	0	0	0	0	0	0	0	0	0	0	0	0	0	0	0	0	0	0	0	0	0	0	0
156561	ala_tc_1	0	0	0	0	0	0	0	0	0	0	0	0	0	0	0	0	87573	0	0	0	0	0	0	0	0	0	0	0	0	0	0	0	0	0	0	0	0	0	0	0	0	0	0	0	0	0	0	0	0	0	0	0	0	0	0	0	0	0	0	0	0	0	0	0	0	0
156676	sem_hh_1	0	0	0	0	0	0	0	0	0	0	0	0	0	0	0	0	81492	0	0	0	0	0	0	0	0	0	0	0	0	0	0	0	0	0	0	0	0	0	0	0	0	0	0	0	0	0	0	0	0	847	0	0	0	0	0	0	0	0	0	0	0	0	0	0	0	0
156745	tg_9yo_1	0	0	0	0	0	0	0	0	0	0	0	0	0	0	0	0	81492	0	0	0	0	0	0	0	0	0	0	0	0	0	0	0	0	0	0	0	0	0	0	0	0	0	0	0	0	0	0	0	0	860	0	0	0	0	0	0	0	0	0	0	0	0	0	0	0	0
156746	tg_9yo_2	0	274	0	0	0	0	0	0	0	0	0	0	0	0	0	0	86032	0	0	0	0	0	0	0	0	0	0	0	0	0	0	0	0	0	0	0	0	0	0	0	0	0	0	0	0	0	0	0	0	0	0	0	0	0	0	0	0	0	0	0	0	0	0	0	0	0
156679	sem_hp_1	0	274	0	0	0	0	0	0	0	0	0	0	0	0	0	0	86032	0	0	0	0	0	0	0	0	0	0	0	0	0	0	0	0	0	0	0	0	0	0	0	0	0	0	0	0	0	0	0	0	0	0	0	0	0	0	0	0	0	0	0	0	0	0	0	0	0
156681	sem_hp_4	0	1925	0	0	0	0	0	0	0	0	0	0	0	0	0	0	141445	0	0	0	0	0	0	0	0	0	0	0	0	0	0	0	0	0	0	0	0	0	0	0	0	0	0	0	0	0	0	0	0	0	0	0	0	0	0	0	0	0	0	0	0	0	0	0	0	0
156736	tg_1yo_1	0	0	0	0	0	0	0	0	0	0	0	0	0	0	0	0	79487	0	0	0	0	0	0	0	0	0	0	0	0	0	0	0	0	0	0	0	0	0	0	0	0	0	0	0	0	0	0	0	0	0	0	0	0	0	0	0	0	0	0	0	0	0	0	0	0	0
156689	sem_tg_7	0	0	0	0	0	0	0	0	0	0	0	0	0	0	0	0	79487	0	0	0	0	0	0	0	0	0	0	0	0	0	0	0	0	0	0	0	0	0	0	0	0	0	0	0	0	0	0	0	0	0	0	0	0	0	0	0	0	0	0	0	0	0	0	0	0	0
156747	tg_9yo_3	0	0	1653	0	0	0	0	0	0	0	0	0	0	0	0	0	80893	0	0	0	0	0	0	0	0	0	0	0	0	0	0	0	0	0	0	0	0	0	0	0	0	0	0	0	0	0	0	0	0	0	0	0	0	0	0	0	0	0	0	0	0	0	0	0	0	0
156680	sem_hp_2	0	0	1653	0	0	0	0	0	0	0	0	0	0	0	0	0	80893	0	0	0	0	0	0	0	0	0	0	0	0	0	0	0	0	0	0	0	0	0	0	0	0	0	0	0	0	0	0	0	0	0	0	0	0	0	0	0	0	0	0	0	0	0	0	0	0	0
156678	sem_hh_4	0	7614	0	0	0	0	0	0	0	0	0	0	0	0	0	0	110896	0	0	0	0	0	0	0	0	0	0	0	0	0	0	0	0	0	0	0	0	0	0	0	0	0	0	0	0	0	0	0	0	0	0	0	0	0	0	0	0	0	0	0	0	0	0	0	0	0
156738	tg_1yo_3	0	0	6053	0	0	0	0	0	0	0	0	0	0	0	0	0	74195	0	0	0	0	0	0	0	0	0	0	0	0	0	0	0	0	0	0	0	0	0	0	0	0	0	0	0	0	0	0	0	0	0	0	0	0	0	0	0	0	0	0	0	0	0	0	0	0	0
156688	sem_tg_10	0	0	6053	0	0	0	0	0	0	0	0	0	0	0	0	0	74195	0	0	0	0	0	0	0	0	0	0	0	0	0	0	0	0	0	0	0	0	0	0	0	0	0	0	0	0	0	0	0	0	0	0	0	0	0	0	0	0	0	0	0	0	0	0	0	0	0
156711	sil_ts_1	0	8116	0	0	0	0	0	0	0	0	0	0	0	0	0	0	64747	0	0	0	0	0	0	0	0	0	0	0	0	0	0	0	0	0	0	0	0	0	0	0	0	0	0	0	0	0	0	0	0	0	0	0	0	0	205	0	0	0	0	0	0	0	0	0	0	0
156712	sil_ts_2	0	6885	0	0	0	0	0	0	0	0	0	0	0	0	0	0	72478	0	0	0	0	0	0	0	0	0	0	0	0	0	0	0	0	0	0	0	0	0	0	0	0	0	0	0	2740	0	0	0	0	0	0	0	0	0	0	0	0	0	0	0	0	0	0	0	0	0
156584	bau_tg_1	0	0	0	0	0	0	0	0	0	0	0	0	0	0	0	0	0	72238	0	0	0	0	0	0	0	0	0	0	0	0	0	0	0	0	0	0	0	0	0	0	0	0	0	0	0	0	0	0	0	0	0	0	0	0	0	0	0	0	0	0	0	0	0	0	0	0
156559	ala_tg_4	0	0	0	0	0	0	0	0	0	0	0	0	0	0	0	0	0	63192	0	0	0	0	0	0	0	0	0	0	0	0	0	0	0	0	0	0	0	0	0	0	0	0	0	0	0	0	0	0	0	0	0	0	0	0	0	0	0	0	0	0	0	0	0	0	0	0
156744	tg_3yo_3	0	0	0	0	0	0	0	0	0	0	0	0	0	0	0	0	0	68170	0	0	0	0	0	0	0	0	0	0	0	0	0	0	0	0	0	0	0	0	0	0	0	0	0	0	0	0	0	0	0	0	0	0	0	0	0	0	0	0	0	0	0	0	0	0	0	0
156662	mas_tg_5	0	0	0	0	0	0	0	0	0	0	0	0	0	0	0	0	0	68170	0	0	0	0	0	0	0	0	0	0	0	0	0	0	0	0	0	0	0	0	0	0	0	0	0	0	0	0	0	0	0	0	0	0	0	0	0	0	0	0	0	0	0	0	0	0	0	0
156742	tg_3yo_1	0	0	0	0	0	0	0	0	0	0	0	0	0	0	0	0	0	70856	0	0	0	0	0	0	0	0	0	0	0	0	0	0	0	0	0	0	0	0	0	0	0	0	0	0	0	0	0	0	0	0	0	0	0	0	0	0	0	0	0	0	0	0	0	0	0	0
156660	mas_tg_1	0	0	0	0	0	0	0	0	0	0	0	0	0	0	0	0	0	70856	0	0	0	0	0	0	0	0	0	0	0	0	0	0	0	0	0	0	0	0	0	0	0	0	0	0	0	0	0	0	0	0	0	0	0	0	0	0	0	0	0	0	0	0	0	0	0	0
156601	bohol_tg_1	0	0	0	0	0	0	0	0	0	0	0	0	0	0	0	0	0	104348	0	0	0	0	0	0	0	0	0	0	0	0	0	0	0	0	0	0	0	0	0	0	0	0	0	0	0	0	0	0	0	0	0	0	0	0	0	0	0	0	0	0	0	0	0	0	0	0
156737	tg_1yo_2	0	0	0	0	0	0	0	0	0	0	0	0	0	0	0	0	0	86158	0	0	0	0	0	0	0	0	0	0	0	0	0	0	0	0	0	0	0	0	0	0	0	0	0	0	0	0	0	0	0	0	0	0	0	0	0	0	0	0	0	0	0	0	0	0	0	0
156690	sem_tg_9	0	0	0	0	0	0	0	0	0	0	0	0	0	0	0	0	0	86158	0	0	0	0	0	0	0	0	0	0	0	0	0	0	0	0	0	0	0	0	0	0	0	0	0	0	0	0	0	0	0	0	0	0	0	0	0	0	0	0	0	0	0	0	0	0	0	0
156585	bau_tg_2	0	0	0	0	0	0	0	0	0	0	0	0	0	0	0	0	0	75323	0	0	0	0	0	0	0	0	0	0	0	0	0	0	0	0	0	0	0	0	0	0	0	0	0	0	0	0	0	0	0	0	0	0	0	0	0	0	0	0	0	0	0	0	0	0	0	0
156743	tg_3yo_2	0	0	0	0	0	0	0	0	0	0	0	0	0	0	0	0	0	68384	0	0	0	0	0	0	0	0	0	0	0	0	0	0	0	0	0	0	0	0	0	0	0	0	0	0	0	0	0	0	0	0	0	0	0	0	0	0	0	0	0	0	0	0	0	0	0	0
156661	mas_tg_4	0	0	0	0	0	0	0	0	0	0	0	0	0	0	0	0	0	68384	0	0	0	0	0	0	0	0	0	0	0	0	0	0	0	0	0	0	0	0	0	0	0	0	0	0	0	0	0	0	0	0	0	0	0	0	0	0	0	0	0	0	0	0	0	0	0	0
156733	tg_14yo_1	0	0	0	0	0	0	0	0	0	0	0	0	0	0	0	0	0	75095	0	0	0	0	0	0	0	0	0	0	0	0	0	0	0	0	0	0	0	0	0	0	0	0	0	0	0	0	0	0	0	0	0	0	0	0	0	0	0	0	0	0	0	0	0	0	0	0
156703	sil_tg_2	0	0	0	0	0	0	0	0	0	0	0	0	0	0	0	0	0	75095	0	0	0	0	0	0	0	0	0	0	0	0	0	0	0	0	0	0	0	0	0	0	0	0	0	0	0	0	0	0	0	0	0	0	0	0	0	0	0	0	0	0	0	0	0	0	0	0
156618	cal_m_tn_3	4792	0	0	0	0	0	0	0	0	0	0	0	0	0	0	0	0	0	0	0	0	0	0	0	0	0	0	0	0	0	0	0	0	0	0	0	0	0	0	0	0	0	0	0	0	71777	0	0	0	0	0	0	0	0	0	0	0	0	0	0	0	0	0	0	0	0
156619	cal_m_ts_3	0	0	0	0	0	6838	0	0	0	0	0	0	0	0	0	0	0	0	0	0	0	0	0	0	0	0	0	0	0	0	0	0	0	0	0	0	0	0	0	0	0	0	0	0	0	83296	0	0	0	0	0	0	0	0	0	0	0	0	0	0	0	0	0	0	0	0
156631	cal_s_tn_4	2131	0	0	0	0	0	0	0	0	0	0	0	0	0	0	0	0	0	0	283	0	0	0	0	0	0	0	0	0	0	0	0	0	0	0	0	0	0	0	0	0	0	0	0	0	81770	0	0	0	0	0	0	0	0	0	0	0	0	0	0	0	0	0	0	0	0
156626	cal_p_ts_2	1212	0	0	0	0	0	0	0	0	0	0	0	0	0	0	0	0	0	0	0	0	0	0	0	0	0	0	0	0	0	0	0	0	0	0	0	0	0	0	0	0	0	0	0	0	74398	0	0	0	0	0	0	0	0	0	0	0	0	0	0	0	0	0	0	0	0
156612	cal_c_tn_3	6938	0	0	0	0	0	0	0	0	0	0	0	0	0	0	0	0	0	0	0	0	0	0	0	164	0	0	0	0	0	0	0	0	0	0	0	0	0	0	0	0	0	0	0	0	78795	0	0	0	0	0	0	0	0	0	0	0	0	0	0	0	0	0	0	0	0
156632	cal_s_tn_5	3732	0	0	0	0	0	0	0	0	0	0	0	0	0	0	0	0	0	0	0	0	0	0	0	0	0	0	0	0	0	0	0	0	0	0	0	0	0	0	0	0	0	0	0	0	61763	0	0	0	0	0	0	0	0	0	0	0	0	0	0	0	0	0	0	0	0
156620	cal_m_ts_4	0	0	0	0	0	7437	0	0	0	0	0	0	0	0	0	0	0	0	0	0	0	0	0	0	0	0	0	0	0	0	0	0	0	0	0	0	0	0	0	0	0	0	0	0	0	67329	0	0	0	0	0	0	0	0	0	0	0	0	0	0	0	0	0	0	0	0
156630	cal_s_tn_1	6762	0	0	0	0	0	0	0	0	0	0	0	0	0	0	0	0	0	0	331	0	0	0	0	0	0	0	0	0	0	0	0	0	0	0	0	0	0	0	0	68	0	0	0	0	58582	0	0	0	0	0	0	0	0	0	0	0	0	0	0	0	0	0	0	0	0
156635	camiguin_hh_3	0	0	0	0	0	0	0	0	0	0	0	0	0	0	0	0	0	0	0	0	0	0	0	0	0	0	0	0	0	0	10463	0	0	0	0	0	0	0	0	0	0	0	0	0	0	76740	0	0	0	0	0	0	0	0	0	0	0	0	0	0	0	0	0	0	0	0
156732	samar_ts_5	21088	0	0	0	0	0	0	0	0	0	0	0	0	0	0	0	0	0	0	0	0	0	434	0	0	0	0	0	0	0	0	0	0	0	0	0	0	0	0	0	0	0	0	0	0	70883	0	0	0	0	0	0	0	0	0	0	0	0	0	0	0	0	0	0	0	0
156616	cal_m_tn_1	0	0	0	0	0	0	0	0	0	0	0	0	0	0	0	0	0	0	0	0	0	0	0	0	18269	0	0	0	0	0	0	0	0	0	0	0	0	0	0	0	0	0	0	0	0	56977	0	0	0	0	0	0	0	0	0	0	0	0	0	0	0	0	0	0	0	0
156649	camiguin_tm_2	0	0	0	0	0	0	0	0	0	0	0	0	0	0	0	0	0	0	93157	0	0	0	0	0	0	0	0	0	0	0	0	0	0	0	0	0	0	0	0	0	0	0	0	0	0	0	0	0	0	0	0	0	0	0	0	0	0	0	0	0	0	0	0	0	0	0
156613	cal_m_tm_2	0	0	0	0	0	0	0	291	0	0	0	0	0	0	0	0	0	0	65226	0	0	0	0	0	0	0	0	0	0	0	0	0	0	0	0	0	0	0	0	0	0	0	0	0	0	0	0	0	0	0	0	0	0	0	0	0	0	0	0	0	0	0	0	0	0	0
156650	camiguin_tm_4	0	0	0	0	0	0	0	0	0	0	0	0	0	0	0	0	0	0	97972	0	0	0	0	0	0	0	0	0	0	0	0	0	0	0	0	0	0	0	0	0	0	0	0	0	0	0	0	0	0	0	0	0	0	0	0	0	0	0	0	0	0	0	0	0	0	0
156648	camiguin_tm_1	0	335	0	0	0	0	0	0	0	0	0	0	0	0	0	0	0	0	83508	0	0	0	0	0	0	0	0	0	0	0	0	0	0	0	0	0	0	0	0	0	0	0	0	0	0	0	0	0	0	0	0	0	0	0	0	0	0	0	0	0	0	0	0	0	0	0
156647	camiguin_tg_r_5	0	0	0	0	0	0	0	0	0	0	0	0	0	0	0	0	0	0	95253	0	0	0	0	0	0	0	0	0	0	0	0	0	0	0	0	0	0	0	0	0	0	0	0	0	0	0	0	0	0	0	0	0	0	0	0	0	0	0	0	0	0	0	0	0	0	0
156569	apo_a_tm_5	0	0	0	0	0	0	0	0	0	0	0	0	0	0	0	0	0	0	73241	0	0	0	0	0	0	0	0	0	0	0	0	0	0	0	0	0	0	0	0	0	0	0	0	0	0	0	0	0	0	0	0	0	0	0	0	0	0	0	0	0	0	0	0	0	0	0
156637	camiguin_tc_2	0	0	0	0	0	0	0	269	0	0	0	0	0	0	0	0	0	0	81875	0	0	0	0	0	0	0	0	0	0	0	0	0	0	0	0	0	0	0	0	0	0	0	0	0	234	0	0	0	0	0	0	0	0	0	0	0	0	0	0	0	0	0	0	0	0	0
156645	camiguin_tg_r_2	0	0	0	0	0	0	0	0	0	0	0	0	0	0	0	0	0	0	92445	0	0	0	0	0	0	0	0	5386	0	0	0	0	0	0	0	0	0	0	0	0	0	0	0	0	0	0	0	0	0	0	0	0	0	0	0	0	0	0	0	0	0	0	0	0	0	0
156682	sem_tc_10	0	0	0	0	5613	0	0	0	0	0	0	0	0	0	0	0	0	0	69200	0	0	0	0	0	0	0	0	0	0	0	0	0	0	0	0	0	0	0	0	0	0	0	0	0	0	0	0	0	0	0	0	0	0	0	0	0	0	0	0	0	0	0	0	0	0	0
156580	apo_sa_tc_5	0	0	0	0	5613	0	0	0	0	0	0	0	0	0	0	0	0	0	69200	0	0	0	0	0	0	0	0	0	0	0	0	0	0	0	0	0	0	0	0	0	0	0	0	0	0	0	0	0	0	0	0	0	0	0	0	0	0	0	0	0	0	0	0	0	0	0
156694	sem_tn_1	0	0	0	0	0	0	0	0	0	0	0	0	0	0	0	0	0	0	71635	0	0	0	0	0	0	0	0	0	0	0	0	0	0	0	0	0	0	0	0	0	0	0	0	0	0	0	0	0	0	0	0	0	0	0	0	7684	0	0	0	0	0	0	0	0	0	0
156590	bau_tn_1	0	0	0	0	0	0	0	0	0	0	0	0	0	0	0	0	0	0	71635	0	0	0	0	0	0	0	0	0	0	0	0	0	0	0	0	0	0	0	0	0	0	0	0	0	0	0	0	0	0	0	0	0	0	0	0	7684	0	0	0	0	0	0	0	0	0	0
156587	bau_tm_1	0	0	0	0	0	0	0	0	1306	0	0	0	0	0	0	0	0	0	0	0	0	0	0	0	0	0	0	0	327	0	0	0	0	0	0	0	0	0	0	0	0	0	0	0	0	0	83967	0	0	0	0	0	0	0	0	0	0	0	0	0	0	0	0	0	0	0
156592	bau_ts_1	0	0	0	0	0	0	1038	0	0	0	0	0	0	0	0	0	0	0	0	0	0	0	0	0	0	0	0	0	0	0	0	0	0	0	0	0	0	0	0	62	0	0	0	508	0	0	91083	0	0	0	0	0	0	0	0	0	0	0	0	0	0	0	0	0	0	0
156629	cal_q_tn_2	0	0	0	0	0	0	0	0	0	0	0	0	0	0	0	0	0	0	0	0	0	0	658	0	0	0	0	0	0	0	0	0	0	0	0	0	0	42	0	0	0	0	0	0	0	0	76972	0	0	0	0	0	0	0	0	0	0	0	0	0	0	0	0	0	0	0
156713	sil_ts_3	0	0	0	0	0	0	0	0	0	0	0	0	0	0	0	0	0	0	0	0	1234	0	0	0	0	0	0	0	0	0	0	0	0	0	0	0	0	0	0	0	0	0	0	0	0	0	56788	0	0	0	0	0	0	0	0	0	0	0	0	0	0	0	0	0	0	0
156659	mas_tc_4	0	0	0	0	0	0	0	0	0	0	0	0	0	0	0	0	0	0	0	75153	0	0	0	0	0	0	0	0	0	0	0	0	0	0	0	0	0	0	0	0	0	0	0	0	0	0	0	0	0	0	0	0	0	0	0	0	0	0	0	0	0	0	0	0	0	0
156603	bohol_tg_3	0	0	0	0	0	0	0	0	0	0	0	0	0	0	0	0	0	0	0	102397	0	0	0	0	0	0	0	0	0	0	0	0	0	0	0	0	0	0	0	0	0	0	0	0	0	0	0	0	0	0	0	0	0	0	0	0	0	0	0	0	0	0	0	0	0	0
156602	bohol_tg_2	0	0	0	0	0	0	0	0	0	0	0	0	0	0	0	0	0	0	0	93333	0	0	0	0	0	0	0	0	0	0	0	0	0	0	0	0	0	0	0	0	0	0	0	0	0	0	0	0	0	0	0	0	0	0	0	0	0	0	0	0	0	0	0	0	0	0
156560	ala_tg_5	0	0	0	0	0	0	0	0	0	0	0	0	0	0	0	0	0	0	0	75299	0	0	0	0	0	0	0	0	0	0	0	0	0	0	0	0	0	0	0	0	0	0	0	0	0	0	0	0	0	0	0	0	0	0	0	0	0	0	0	0	0	0	0	0	0	0
156586	bau_tg_3	0	0	0	0	0	0	0	0	0	0	0	0	0	0	0	0	0	0	0	82282	0	0	0	0	0	0	0	0	0	0	0	0	0	0	0	0	0	0	0	0	0	0	0	0	0	0	0	0	0	0	0	0	0	0	0	0	0	0	0	0	0	0	0	0	0	0
156656	mab_tg_4	0	0	0	0	0	0	0	0	0	0	0	0	0	0	0	0	0	0	0	61532	0	0	0	0	0	0	0	0	0	0	0	0	0	0	0	0	0	0	0	0	0	0	0	0	0	0	0	0	0	0	0	0	0	0	0	0	0	0	0	0	0	0	0	0	0	0
156558	ala_tg_3	0	0	0	0	0	0	0	0	0	0	0	0	0	0	0	0	0	0	0	68395	0	0	0	0	0	0	0	0	0	0	0	0	0	0	0	0	0	0	0	0	0	0	0	0	0	0	0	0	0	0	0	0	0	0	0	0	0	0	0	0	0	0	0	0	0	0
156734	tg_14yo_2	0	0	0	0	0	0	0	0	0	0	0	0	0	0	0	0	0	0	0	0	68213	0	0	0	0	0	0	0	0	0	0	0	0	0	0	0	0	0	0	0	0	0	0	0	0	0	0	0	0	0	0	0	0	0	0	0	0	0	0	0	0	0	0	0	0	0
156705	sil_tg_5	0	0	0	0	0	0	0	0	0	0	0	0	0	0	0	0	0	0	0	0	68213	0	0	0	0	0	0	0	0	0	0	0	0	0	0	0	0	0	0	0	0	0	0	0	0	0	0	0	0	0	0	0	0	0	0	0	0	0	0	0	0	0	0	0	0	0
156735	tg_14yo_3	0	0	0	0	0	0	0	0	0	0	0	0	0	0	0	0	0	0	0	0	70906	0	0	0	0	0	0	0	0	0	0	0	0	0	0	0	0	0	0	0	0	0	0	0	0	0	0	0	0	0	0	0	0	0	0	0	0	0	0	0	0	0	0	0	0	0
156704	sil_tg_3	0	0	0	0	0	0	0	0	0	0	0	0	0	0	0	0	0	0	0	0	70906	0	0	0	0	0	0	0	0	0	0	0	0	0	0	0	0	0	0	0	0	0	0	0	0	0	0	0	0	0	0	0	0	0	0	0	0	0	0	0	0	0	0	0	0	0
156707	sil_hh_2	0	0	0	0	0	0	0	0	0	0	0	0	0	0	0	0	0	0	0	0	68701	0	0	0	0	0	0	0	0	0	0	0	0	0	0	0	0	0	0	0	0	0	0	0	0	0	0	422	0	0	0	0	0	0	0	0	0	0	0	0	0	0	0	0	0	0
156644	camiguin_tg_3	0	0	0	0	0	0	0	0	0	0	0	0	0	0	0	0	0	0	0	0	75955	0	0	0	0	0	0	0	0	0	0	0	0	0	0	0	0	0	0	0	0	0	0	0	0	0	0	0	0	0	0	0	0	0	0	0	0	0	0	0	0	0	0	0	0	0
156708	sil_hh_3	0	0	0	0	0	0	0	0	0	0	0	0	0	0	0	0	0	0	0	0	67692	0	0	0	0	0	0	0	0	0	0	0	0	0	0	0	0	0	0	0	0	0	0	0	0	0	0	0	0	0	0	0	0	0	0	0	0	0	0	0	0	0	0	0	0	0
156643	camiguin_tg_2	0	0	0	0	0	0	0	0	0	0	0	0	0	0	0	0	0	0	0	0	116730	0	0	0	0	0	0	0	0	0	0	0	0	0	0	0	0	0	0	0	0	0	0	0	0	0	0	0	0	0	0	0	192	0	0	0	0	0	0	0	0	0	0	0	0	0
156706	sil_hh_1	0	0	0	0	0	0	0	0	0	0	0	0	0	0	0	0	0	0	0	0	68452	0	0	0	0	0	0	0	0	0	0	0	0	0	0	0	0	0	0	0	0	0	0	0	0	0	0	554	0	0	0	0	0	0	0	0	0	0	0	0	0	0	0	0	0	0
156739	tg_20yo_1	0	0	0	0	0	0	0	0	0	0	0	0	0	0	0	0	0	0	0	0	0	78461	0	0	0	0	0	0	0	0	0	0	0	0	0	0	0	0	0	0	0	0	0	0	0	0	0	0	0	0	0	0	0	0	0	0	0	0	0	0	0	0	0	0	0	0
156671	pal_tg_3	0	0	0	0	0	0	0	0	0	0	0	0	0	0	0	0	0	0	0	0	0	78461	0	0	0	0	0	0	0	0	0	0	0	0	0	0	0	0	0	0	0	0	0	0	0	0	0	0	0	0	0	0	0	0	0	0	0	0	0	0	0	0	0	0	0	0
156606	bohol_tm_3	0	0	0	0	0	0	0	0	0	0	0	0	0	0	0	0	0	0	0	0	0	90555	0	0	0	0	0	0	0	0	0	0	0	0	0	0	0	0	0	0	0	0	0	0	0	0	0	0	0	0	0	0	0	0	0	0	0	0	0	0	0	0	0	0	0	0
156646	camiguin_tg_r_4	0	0	0	0	0	0	0	0	0	0	0	0	0	0	0	0	0	0	0	0	0	92669	0	0	0	0	0	0	0	0	0	0	0	0	0	0	0	0	0	0	0	0	0	0	0	0	0	0	0	0	0	0	0	0	0	0	0	0	0	0	0	0	0	0	0	0
156741	tg_20yo_3	0	0	0	0	0	0	0	0	0	0	0	0	0	0	0	0	0	0	0	0	0	69211	0	0	0	0	0	0	0	0	0	0	0	0	0	0	0	0	0	0	0	0	0	0	0	0	0	2756	0	0	0	0	0	0	0	0	0	0	0	0	0	0	0	0	0	0
156672	pal_tg_4	0	0	0	0	0	0	0	0	0	0	0	0	0	0	0	0	0	0	0	0	0	69211	0	0	0	0	0	0	0	0	0	0	0	0	0	0	0	0	0	0	0	0	0	0	0	0	0	2756	0	0	0	0	0	0	0	0	0	0	0	0	0	0	0	0	0	0
156604	bohol_tm_1	0	0	42317	0	0	0	0	0	0	0	0	0	0	0	0	0	0	0	0	0	0	53296	0	0	0	0	0	0	0	0	0	0	0	0	0	0	0	0	0	0	0	0	0	0	0	0	0	0	0	0	0	0	0	0	0	0	0	0	0	0	287	0	0	0	0	0
156598	bohol_tc_2	0	42985	0	0	0	0	0	0	0	0	0	0	0	0	0	0	0	0	0	0	0	49162	0	0	0	0	0	0	0	0	0	0	0	0	0	0	0	0	0	0	0	0	0	0	0	0	0	0	0	0	0	0	0	0	0	0	0	0	0	0	0	0	0	0	0	0
156717	samar_hh_4	0	215	0	0	0	0	0	0	0	0	0	0	0	0	0	0	0	0	0	0	0	0	101150	0	0	0	0	0	0	0	0	0	0	0	0	0	0	0	0	0	0	0	0	0	0	0	0	0	0	0	0	0	0	0	0	0	0	0	0	0	0	0	0	0	0	0
156716	samar_hh_3	0	0	0	0	0	0	0	0	0	0	0	0	0	0	0	0	0	0	0	0	0	0	114699	0	0	0	0	0	0	0	0	0	0	0	0	0	0	0	0	0	0	0	0	0	0	0	0	0	0	0	0	0	0	0	0	0	0	0	0	0	0	0	0	0	0	0
156715	samar_hh_1	0	0	0	0	0	0	0	2062	0	0	0	0	0	0	0	0	0	0	0	0	0	0	106938	0	0	0	0	0	0	0	0	0	0	0	0	0	0	0	0	0	0	0	0	0	0	0	0	0	0	0	0	0	0	0	0	0	0	0	0	0	0	0	0	0	0	0
156710	sil_td_3	0	0	0	0	0	0	0	0	0	0	0	0	0	0	0	0	0	0	0	0	0	0	72326	0	0	0	0	0	0	0	0	0	0	0	0	0	0	0	0	0	0	0	0	0	0	0	0	0	0	0	0	0	0	0	0	0	0	0	0	0	0	0	0	0	0	0
156709	sil_td_2	0	0	0	0	0	0	0	0	0	0	0	0	0	0	0	0	0	0	0	0	0	0	77281	0	0	0	0	0	0	0	0	0	0	0	0	0	0	0	0	0	0	0	0	0	0	0	0	0	0	0	0	0	0	0	0	0	0	1013	0	0	0	0	0	0	0	0
156723	samar_td_4	0	0	0	0	0	0	0	0	0	0	0	0	0	0	0	0	0	0	0	0	0	0	87461	0	0	0	0	0	0	0	0	0	0	0	0	0	0	0	0	0	0	0	0	0	0	0	0	0	14928	0	0	0	0	0	0	0	0	0	0	0	0	0	0	0	0	0
156721	samar_td_2	0	0	0	0	0	0	0	0	0	0	0	0	0	0	0	0	0	0	0	0	0	0	75444	0	0	0	0	0	0	0	0	0	0	0	0	0	0	0	0	0	0	0	0	0	0	0	0	0	21222	0	0	0	0	0	0	0	0	0	0	0	0	0	0	0	0	0
156571	apo_b_hh_4	0	0	0	108888	0	0	0	0	0	0	0	0	0	0	0	0	0	0	0	0	0	0	0	0	0	0	0	0	0	0	0	0	0	0	0	0	1164	0	0	0	0	0	0	0	2476	0	0	0	0	0	0	0	0	0	0	0	0	0	0	0	0	0	0	0	0	0
156574	apo_b_hp_4	0	0	0	98206	0	0	0	0	0	0	0	0	0	0	0	0	0	0	0	0	0	0	0	0	0	0	0	0	0	0	0	0	0	0	0	0	0	0	1115	0	0	0	0	0	2588	0	0	0	0	0	0	0	0	0	0	0	0	0	0	0	0	0	0	0	0	0
156573	apo_b_hp_1	0	0	0	90171	0	0	0	0	0	0	0	0	0	0	0	0	0	0	0	0	0	0	0	0	0	0	0	0	1373	0	0	0	0	0	0	0	0	0	0	0	0	0	0	0	8997	0	0	0	0	0	0	0	0	0	0	0	0	0	0	0	0	0	0	0	0	0
156570	apo_b_hh_1	0	0	0	101391	0	0	0	0	0	0	0	0	0	0	0	0	0	0	0	0	0	0	0	0	0	0	0	0	0	0	0	0	0	1474	0	0	0	0	0	0	0	0	0	0	9743	0	0	0	0	0	0	0	0	0	0	0	0	0	0	0	0	0	0	0	0	0
156624	cal_p_tm_4	0	0	0	0	0	0	0	0	0	0	0	0	0	0	0	0	0	0	0	0	0	0	0	88120	0	0	0	0	0	0	0	0	0	0	0	0	0	0	0	0	0	0	0	0	0	0	0	0	0	0	0	0	0	0	0	0	278	0	0	0	0	0	0	0	0	0
156614	cal_m_tm_3	0	0	6021	0	0	0	0	0	0	0	0	0	0	0	0	0	0	0	0	0	0	0	0	67509	0	0	0	0	0	0	0	0	0	0	0	0	0	0	0	0	0	0	0	0	0	0	0	0	0	0	0	0	0	0	0	0	0	0	0	0	0	0	0	0	0	0
156731	samar_ts_3	0	0	0	0	0	0	0	0	0	0	0	0	0	0	0	0	0	0	0	0	0	0	0	67828	0	0	0	0	0	0	0	0	0	0	0	0	0	0	0	0	0	0	0	0	0	0	0	0	0	26003	0	0	0	0	0	0	0	0	0	0	0	0	0	0	0	0
156655	mab_tg_3	0	0	0	0	0	0	0	0	0	0	0	0	0	0	0	0	0	0	0	0	0	0	0	0	81954	0	0	0	0	0	0	0	0	0	0	0	0	0	0	0	0	0	0	0	0	0	0	0	0	0	0	0	0	0	0	0	0	0	0	0	0	0	0	0	0	0
156642	camiguin_tg_1	0	0	0	0	0	0	0	0	0	0	0	0	0	0	0	0	0	0	0	0	0	0	0	0	80030	0	0	0	0	0	0	0	0	0	0	0	0	0	0	0	0	0	0	0	0	0	0	0	0	0	0	0	0	0	0	0	0	0	0	0	0	0	0	0	0	0
156726	samar_tg_3	0	0	0	0	0	0	0	0	0	0	0	0	0	0	0	0	0	0	0	0	0	0	0	0	0	104852	0	0	0	0	0	0	0	0	0	0	0	0	0	0	0	0	0	0	0	0	0	0	0	0	0	0	0	0	0	0	0	0	0	0	0	0	0	0	0	0
156725	samar_tg_2	0	0	0	0	0	0	0	0	0	0	0	0	0	0	0	0	0	0	0	0	0	0	0	0	0	105907	0	0	0	0	0	0	0	0	0	0	0	0	0	0	0	0	0	0	0	0	0	0	0	0	0	0	0	0	0	0	0	0	0	0	0	0	0	0	0	0
156718	samar_tc_1	0	0	0	0	0	0	0	0	0	0	0	0	0	0	0	0	0	0	0	0	0	0	0	0	0	96220	0	0	0	0	0	0	0	0	0	0	0	0	0	0	0	0	0	0	0	0	0	0	0	0	0	0	0	0	0	0	0	0	0	0	0	0	0	0	0	0
156724	samar_tg_1	0	0	0	0	0	0	0	0	0	0	0	0	0	0	0	0	0	0	0	0	0	0	0	0	0	95431	0	0	0	0	0	0	0	0	0	0	0	0	0	0	0	0	0	0	1707	0	0	0	0	0	0	0	0	0	0	0	0	0	0	0	0	0	0	0	0	0
156722	samar_td_3	0	0	0	0	0	0	0	0	0	0	0	0	0	0	0	0	0	0	0	0	0	0	0	0	0	93783	0	0	0	0	0	0	0	0	0	0	0	0	0	0	0	0	0	0	0	0	0	0	12670	0	0	0	0	0	0	0	0	0	0	0	0	0	0	0	0	0
156714	sil_td_1	0	0	0	0	0	0	0	0	0	0	0	0	0	0	0	0	0	0	0	0	0	0	0	0	0	59206	0	0	0	0	0	0	0	0	0	0	0	0	0	0	0	0	0	0	0	0	0	0	0	0	0	0	0	0	0	0	0	18091	0	0	0	0	0	0	0	0
156640	camiguin_td_2	0	0	0	0	0	0	0	0	0	0	0	0	0	0	0	0	0	0	0	0	0	0	0	0	0	52107	0	0	0	0	0	0	0	0	0	0	0	0	0	0	0	0	0	0	0	0	0	0	0	0	0	0	0	0	0	0	0	0	0	0	0	0	0	0	33471	0
156730	samar_ts_2	0	0	0	0	0	0	0	0	0	0	0	0	0	0	0	0	0	0	0	0	0	0	0	0	0	55085	0	0	0	0	0	0	0	0	0	0	0	0	0	0	0	0	0	0	0	52735	0	0	0	0	0	0	0	0	0	0	0	0	0	0	0	0	0	0	0	0
156693	sem_tm_5	0	0	1691	0	0	0	0	0	0	0	0	0	0	0	0	0	0	0	0	0	0	0	0	0	0	0	70869	0	0	0	0	0	0	0	0	0	0	0	0	0	0	0	0	0	0	0	0	0	0	0	0	0	0	0	0	0	0	0	0	0	0	0	0	0	0	0
156622	cal_p_tm_1	0	0	1691	0	0	0	0	0	0	0	0	0	0	0	0	0	0	0	0	0	0	0	0	0	0	0	70869	0	0	0	0	0	0	0	0	0	0	0	0	0	0	0	0	0	0	0	0	0	0	0	0	0	0	0	0	0	0	0	0	0	0	0	0	0	0	0
156692	sem_tm_4	0	0	0	0	0	0	0	0	0	0	0	0	0	0	0	0	0	0	0	0	0	0	0	0	0	0	71526	0	0	0	0	0	0	0	0	0	0	0	0	0	0	0	0	0	0	0	0	0	0	0	0	0	0	0	0	0	0	0	0	0	0	0	0	0	0	0
156582	apo_sa_tm_4	0	0	0	0	0	0	0	0	0	0	0	0	0	0	0	0	0	0	0	0	0	0	0	0	0	0	71526	0	0	0	0	0	0	0	0	0	0	0	0	0	0	0	0	0	0	0	0	0	0	0	0	0	0	0	0	0	0	0	0	0	0	0	0	0	0	0
156563	ala_tc_5	0	0	0	0	0	0	0	0	0	0	0	0	0	0	0	0	0	0	0	0	0	0	0	0	0	0	74140	0	0	0	0	0	0	0	0	0	0	0	0	0	0	0	0	0	0	0	0	0	0	0	1260	0	0	0	0	0	0	0	0	0	0	0	0	0	0	0
156562	ala_tc_3	0	0	0	0	0	0	0	0	0	0	0	0	0	0	0	0	0	0	0	0	0	0	0	0	0	0	60023	0	0	0	0	0	0	0	0	0	0	0	0	0	0	0	0	0	3689	0	0	0	0	0	0	0	0	0	0	0	0	0	0	0	0	0	0	0	0	0
156740	tg_20yo_2	0	0	0	0	0	0	0	0	0	0	0	0	0	0	0	0	0	0	0	0	0	0	0	0	0	0	0	79617	0	0	0	0	0	0	0	0	0	0	0	0	0	0	0	0	0	0	0	0	0	0	0	0	0	0	0	0	0	0	0	0	0	0	0	0	0	0
156670	pal_tg_2	0	0	0	0	0	0	0	0	0	0	0	0	0	0	0	0	0	0	0	0	0	0	0	0	0	0	0	79617	0	0	0	0	0	0	0	0	0	0	0	0	0	0	0	0	0	0	0	0	0	0	0	0	0	0	0	0	0	0	0	0	0	0	0	0	0	0
156658	mas_tc_3	0	0	0	0	0	0	0	0	0	0	0	0	0	0	0	0	0	0	0	0	0	0	0	0	0	0	0	30560	0	0	0	0	0	0	0	0	0	0	0	0	0	0	0	0	31497	0	0	0	0	0	0	0	0	0	0	0	0	0	0	0	0	0	0	0	0	0
156575	apo_b_hp_6	0	0	0	0	133147	0	0	0	0	0	0	0	0	0	0	0	0	0	0	0	0	0	0	0	796	0	0	0	0	0	0	0	0	0	0	0	0	0	0	0	0	0	0	0	0	0	0	0	0	0	0	0	0	0	0	0	0	0	0	0	0	0	0	0	0	0
156572	apo_b_hh_6	0	0	0	0	96334	0	0	0	0	0	0	0	0	0	0	0	0	2793	0	0	0	0	0	0	0	0	0	0	0	0	0	0	0	0	0	0	0	0	0	0	0	0	0	0	0	0	0	0	0	0	0	0	0	0	0	0	0	0	0	0	0	0	0	0	0	0
156628	cal_q_tn_1	0	0	0	0	0	0	0	0	0	0	0	0	0	0	0	0	0	0	0	0	0	0	0	0	0	0	0	0	0	0	0	0	0	0	0	0	0	0	0	0	0	0	0	0	0	0	0	0	43005	0	0	0	0	0	0	0	0	0	0	0	0	0	0	0	0	0
156611	cal_c_tn_2	3368	0	0	0	0	0	0	0	0	0	0	0	0	0	0	0	0	0	0	0	0	0	0	0	0	0	0	0	0	0	0	0	0	0	0	0	0	0	0	0	0	0	0	0	0	0	0	0	67308	0	0	0	0	0	0	0	0	0	0	0	0	0	0	0	0	0
156610	cal_c_tn_1	8099	0	0	0	0	0	0	0	0	0	0	0	0	0	0	0	0	0	0	0	0	0	0	0	0	0	0	0	0	0	0	0	0	0	0	0	0	0	0	0	0	0	0	0	0	0	0	0	0	70418	0	0	0	0	0	0	0	0	0	0	0	0	0	0	0	0
156729	samar_tm_4	0	0	0	0	0	0	93076	0	0	0	0	0	0	0	0	0	0	0	0	0	0	0	0	0	0	0	0	0	1337	0	0	0	0	0	0	0	0	0	0	0	0	0	0	0	1486	0	0	0	0	0	0	0	0	0	0	0	0	0	0	0	0	0	0	0	0	0
156565	apo_a_tc_5	0	0	0	0	0	0	66952	0	0	0	0	0	0	0	0	0	0	0	0	0	0	0	0	0	0	0	0	0	0	0	0	0	0	0	35943	0	0	0	0	0	0	0	0	0	0	0	0	0	0	0	0	0	0	0	0	0	0	0	0	0	0	0	0	0	0	0
156568	apo_a_tm_3	0	0	0	0	0	0	65709	0	0	0	0	0	0	0	0	0	0	0	0	0	0	0	0	0	0	0	0	0	0	0	0	0	0	0	48350	0	0	0	0	0	0	0	0	0	0	0	0	0	0	0	0	0	0	0	0	0	0	0	0	0	0	0	0	0	0	0
156674	pal_ts_2	1520	0	0	0	0	0	0	0	0	0	0	0	0	0	0	0	0	0	0	0	0	0	0	0	0	0	0	0	0	0	0	0	0	0	0	0	0	0	0	0	0	0	0	0	0	0	0	0	0	0	81043	0	0	0	0	0	0	0	0	0	0	0	0	0	0	0
156685	sem_td_1	224	0	0	0	0	0	0	0	0	0	0	0	0	0	0	0	0	0	0	0	0	0	0	0	40	0	0	0	0	0	686	0	0	0	0	0	0	0	0	0	0	0	0	0	0	0	0	0	0	0	71284	0	0	0	0	0	0	0	0	0	0	0	0	0	0	0
156669	pal_td_1	224	0	0	0	0	0	0	0	0	0	0	0	0	0	0	0	0	0	0	0	0	0	0	0	40	0	0	0	0	0	686	0	0	0	0	0	0	0	0	0	0	0	0	0	0	0	0	0	0	0	71284	0	0	0	0	0	0	0	0	0	0	0	0	0	0	0
156605	bohol_tm_2	6047	0	0	0	0	0	0	0	0	0	0	0	0	0	0	0	0	0	0	0	0	0	0	0	0	0	0	0	0	0	0	0	0	0	0	0	0	0	0	0	0	0	0	0	0	0	0	0	0	0	0	76636	0	0	0	0	0	0	0	0	0	0	0	0	0	0
156595	bohol_hh_1	27647	0	0	0	0	0	0	0	0	0	0	0	0	0	0	0	0	0	0	0	0	0	0	0	0	0	0	0	0	0	0	0	0	0	0	0	0	0	0	0	0	0	0	0	0	0	0	0	0	0	0	65515	0	0	0	0	0	0	0	0	0	0	0	0	0	0
156687	sem_td_3	0	0	0	0	0	0	0	0	0	0	0	0	0	0	0	0	0	0	0	0	0	0	0	22581	0	0	0	0	0	0	0	0	0	0	0	0	0	0	0	0	0	0	0	0	0	0	0	0	0	0	0	0	44296	0	0	0	0	0	0	0	0	0	0	0	0	0
156625	cal_p_ts_1	0	0	0	0	0	0	0	0	0	0	0	0	0	0	0	0	0	0	0	0	0	0	0	22581	0	0	0	0	0	0	0	0	0	0	0	0	0	0	0	0	0	0	0	0	0	0	0	0	0	0	0	0	44296	0	0	0	0	0	0	0	0	0	0	0	0	0
156675	pal_ts_3	0	619	0	0	0	0	0	0	0	0	0	0	0	0	0	0	0	0	0	0	0	0	0	0	0	0	0	212	0	0	0	0	0	0	0	0	0	0	0	0	0	0	0	0	0	0	0	0	0	0	0	0	0	78230	0	0	0	0	0	0	0	0	0	0	0	0
156673	pal_ts_1	0	496	0	0	0	0	0	0	0	0	0	0	0	0	0	0	0	0	0	0	0	0	0	0	0	0	0	0	0	0	0	0	0	0	0	0	0	0	0	0	0	0	0	0	0	0	0	0	0	0	0	0	0	76742	0	0	0	0	0	0	0	0	0	0	0	0
156695	sem_tn_3	0	0	0	0	0	1062	0	0	0	0	0	0	0	0	0	24861	0	0	0	0	0	0	0	0	0	0	0	0	0	0	0	0	0	0	0	0	0	0	0	0	0	0	0	0	0	0	0	0	0	0	0	0	0	57911	0	0	0	0	0	0	0	0	0	0	0	0
156589	bau_tm_3	0	0	0	0	0	1062	0	0	0	0	0	0	0	0	0	24861	0	0	0	0	0	0	0	0	0	0	0	0	0	0	0	0	0	0	0	0	0	0	0	0	0	0	0	0	0	0	0	0	0	0	0	0	0	57911	0	0	0	0	0	0	0	0	0	0	0	0
156668	mas_ts_4	0	0	0	0	0	0	0	0	0	0	0	0	0	0	0	0	0	0	0	0	0	0	0	0	0	0	0	0	0	0	0	0	0	0	0	0	0	0	0	0	0	0	0	0	0	0	0	0	0	0	0	0	0	0	78607	0	0	0	0	0	0	0	0	0	0	0
156577	apo_b_td_2	373	0	0	0	0	0	0	0	0	0	0	0	0	0	0	0	0	0	0	0	0	0	0	0	0	0	0	0	0	0	0	0	0	0	0	0	0	0	0	0	0	0	0	0	0	0	0	0	0	0	0	0	0	0	56660	0	0	0	0	0	0	0	0	0	0	0
156663	mas_tm_1	0	0	0	0	0	0	0	0	0	0	0	0	0	0	0	0	0	0	0	0	0	0	0	0	0	0	0	0	0	84939	0	0	0	0	0	0	0	0	0	0	0	3252	0	0	0	0	0	0	0	0	0	0	0	0	0	0	0	0	0	14	0	494	0	0	0	0
156664	mas_tm_2	0	0	0	0	0	0	0	0	0	0	0	0	0	0	0	0	0	0	0	0	0	0	0	0	0	0	0	0	0	67111	0	0	0	0	0	0	0	0	0	0	0	0	0	0	0	0	0	0	0	0	0	6567	0	0	0	0	0	0	0	0	0	0	0	0	0	0
156667	mas_ts_3	0	0	0	0	0	0	0	0	0	0	0	0	0	0	0	0	0	0	0	0	0	0	0	0	0	0	0	0	0	35273	0	0	0	0	0	0	0	0	0	0	0	0	0	0	35741	0	0	0	0	0	0	0	0	0	0	0	0	0	0	0	0	0	0	0	0	0
156639	camiguin_td_1	0	0	0	0	0	0	0	0	0	0	0	0	0	0	0	0	0	0	0	0	0	0	0	0	0	0	0	0	0	0	0	78615	0	0	0	0	0	0	0	0	0	0	0	0	0	0	0	0	0	0	0	0	0	0	0	0	0	0	0	0	0	0	23378	0	0	0
156641	camiguin_td_3	0	0	0	0	559	0	0	0	0	0	0	0	0	0	0	0	0	0	0	0	0	0	0	0	0	0	0	0	0	0	0	65629	0	0	0	0	0	0	0	0	0	0	0	0	0	0	0	0	0	0	0	0	32496	0	0	0	0	0	0	0	0	0	0	0	0	0
156719	samar_tc_3	0	0	0	0	0	0	0	0	0	0	0	0	0	0	0	0	0	0	0	0	0	0	0	0	0	0	0	0	0	0	0	0	98197	0	0	0	0	0	0	0	0	0	0	0	0	0	0	0	0	0	0	0	0	0	0	0	0	0	0	0	0	0	0	0	0	0
156600	bohol_tc_5	0	551	0	0	0	0	0	0	0	0	0	0	0	0	0	0	0	0	0	0	0	0	0	0	0	0	0	0	0	0	0	0	103527	0	0	0	0	0	0	0	0	0	0	0	0	0	0	0	0	0	0	0	0	0	0	0	0	0	0	0	0	0	0	0	0	0
156720	samar_tc_4	0	0	0	0	0	0	0	0	0	0	0	0	0	0	0	0	0	0	0	0	0	0	0	0	0	0	0	0	0	0	0	0	102134	0	0	0	0	0	0	0	0	0	0	0	0	0	0	0	0	0	0	0	0	0	0	0	0	0	0	0	0	0	0	0	0	0
156633	camiguin_hh_1	0	0	0	0	0	0	0	0	0	87183	0	0	0	0	0	10079	0	0	0	0	982	0	0	0	0	0	0	0	0	0	0	0	0	0	0	0	0	0	0	0	0	0	0	0	418	0	0	0	0	0	0	0	0	0	0	0	0	0	80	0	0	0	0	0	0	0
156638	camiguin_tc_3	1596	0	0	0	0	0	0	0	0	0	0	0	0	0	0	0	0	0	0	0	0	344	0	0	0	0	0	0	0	0	0	0	0	0	0	0	0	0	0	0	0	0	0	0	0	0	0	0	0	0	0	0	0	0	0	0	64521	0	0	0	0	0	0	0	0	0
156623	cal_p_tm_2	0	0	0	0	0	0	0	0	0	0	0	0	0	0	0	0	0	0	0	0	0	0	0	0	0	0	0	0	0	0	0	0	0	75146	0	0	0	0	0	0	0	0	0	0	0	0	0	0	0	0	0	0	0	0	0	0	0	0	0	0	0	0	0	0	0	0
156691	sem_tm_3	0	0	0	0	0	0	0	0	0	0	0	0	0	0	0	0	0	0	0	0	0	0	0	0	0	0	0	0	0	0	0	0	0	0	0	74575	0	0	0	0	0	0	0	0	0	0	0	0	0	0	0	0	0	0	0	0	0	0	0	0	0	0	0	0	0	0
156581	apo_sa_tm_1	0	0	0	0	0	0	0	0	0	0	0	0	0	0	0	0	0	0	0	0	0	0	0	0	0	0	0	0	0	0	0	0	0	0	0	74575	0	0	0	0	0	0	0	0	0	0	0	0	0	0	0	0	0	0	0	0	0	0	0	0	0	0	0	0	0	0
156636	camiguin_tc_1	0	9803	0	0	0	0	0	0	0	0	0	0	0	0	0	0	0	0	0	0	0	0	0	0	0	0	0	0	0	0	0	0	0	0	0	0	79517	0	0	0	0	0	0	0	7439	0	0	0	0	0	0	0	0	0	0	0	0	0	0	0	0	0	0	0	0	0
156576	apo_b_td_1	0	0	0	0	0	0	0	0	0	0	0	106138	0	0	0	0	0	0	0	0	0	0	0	0	0	0	0	0	0	0	0	0	0	0	0	0	0	0	0	0	0	0	0	0	0	0	0	0	0	0	0	288	0	0	0	0	0	0	0	0	0	0	0	0	0	0
156566	apo_a_tc_6	0	0	0	0	0	0	0	0	0	0	0	0	0	128013	9888	0	0	797	0	0	0	0	0	0	0	0	0	0	0	0	0	0	0	0	0	0	0	0	0	0	0	0	0	0	0	0	0	0	0	0	0	0	0	0	0	0	0	0	0	0	0	0	0	0	0	0
156627	cal_p_ts_3	0	0	0	0	0	0	0	0	0	0	0	0	0	0	0	0	0	0	0	0	0	0	0	20303	0	0	0	0	0	0	0	0	0	0	0	0	0	0	0	0	0	0	0	0	0	0	0	0	0	0	0	0	0	0	0	0	0	0	0	0	0	0	0	72436	0	0
156597	bohol_hh_3	0	46880	0	0	0	0	0	0	0	0	0	0	0	0	0	0	0	0	0	0	0	0	0	0	0	0	0	0	0	0	0	0	0	0	0	0	0	0	0	0	0	0	0	0	0	0	0	0	0	0	0	0	0	0	0	0	0	0	0	0	0	0	0	0	0	39916
Sequence accession / SymPortal UID		22385-63504	22385	22385-63388	22385/22421-22469-699933	22385/22421-699933-22469-71238	22385-63504-62029-63502	22385/22421-22469-699933-699936	22385-63388-22438-22472	22385-22421-22469	22385-22386	22385-22421-22469-699933-63388	22385-22421	22385-22469	875054	22421-22469	2-308-828-4-1	869-27369-869112	869/14180-27369	2-308-4-1-32-831-848-832	869-2276-869112	869/14180-57624	2/14180-308	869	869-242257-716258		869-716258	2-308-4-32-1-848-831	14180	869/2-308	14180-61880	2-308-4-1103-1108-1112-1123	869-488896	869-57624	2-869-308-32	2-308-4-32-1-831	2-308-828-4	2/308-4-835-1	2	2-308-4-833	2-833	2-308-4	32-18740	1254	869-2276	1732/16955-854-18699	1732/18699-854-12903-24706	854/1732-18699-12903-43634	1732/854-18699-25064-1768-25750-25065	854-1732-18699-12903-1699	1732/854/18699-12903	853-854-1730-2308-855	1732-23372-875034	853-854-1730-933-2308	1732/854-18699-869113-1699-24361	1732-854-18699	1732-854-853-18699-25064-25065-25112-1768-2594-2597	853/1732-854	853-854-1730-2308-2582-944-1759-2587	853	854-1732	1732	779515	853-854-1730-2582-1768-944-2587-1759	853-854-1732-18699	853-854-1730-1752-2308-855	853-854-1730-855-933
Average defining sequence proportions and [stdev]		0.990[0.005]-0.010[0.005]	1.000[0.000]	0.987[0.010]-0.013[0.010]	0.561[0.366]/0.314[0.259]-0.065[0.067]-0.060[0.051]	0.500[0.314]/0.337[0.193]-0.084[0.060]-0.065[0.062]-0.014[0.011]	0.977[0.003]-0.011[0.003]-0.007[0.001]-0.006[0.000]	0.373[0.335]/0.372[0.217]-0.174[0.088]-0.047[0.032]-0.035[0.021]	0.902[0.016]-0.042[0.009]-0.036[0.009]-0.020[0.005]	0.522[0.074]-0.321[0.049]-0.156[0.122]	0.690[0.075]-0.310[0.075]	0.642[0.000]-0.202[0.000]-0.077[0.000]-0.047[0.000]-0.032[0.000]	0.937[nan]-0.063[nan]	0.978[nan]-0.022[nan]	1.000[nan]	0.773[nan]-0.227[nan]	0.705[0.073]-0.217[0.078]-0.036[0.006]-0.032[0.009]-0.009[0.008]	0.889[0.014]-0.072[0.005]-0.039[0.010]	0.598[0.089]/0.361[0.094]-0.041[0.015]	0.683[0.054]-0.185[0.059]-0.051[0.008]-0.025[0.006]-0.019[0.004]-0.017[0.006]-0.012[0.003]-0.008[0.003]	0.904[0.036]-0.049[0.020]-0.046[0.023]	0.560[0.187]/0.356[0.209]-0.084[0.033]	0.473[0.238]/0.435[0.277]-0.092[0.079]	1.000[0.000]	0.907[0.031]-0.049[0.027]-0.044[0.009]	0.661[0.259]/0.339[0.259]	0.953[0.027]-0.047[0.027]	0.738[0.036]-0.169[0.024]-0.040[0.003]-0.020[0.004]-0.016[0.005]-0.008[0.006]-0.008[0.004]	1.000[0.000]	0.573[0.219]/0.326[0.214]-0.100[0.041]	0.981[0.008]-0.019[0.008]	0.689[0.034]-0.172[0.031]-0.054[0.003]-0.030[0.002]-0.020[0.004]-0.017[0.002]-0.017[0.000]	0.948[0.012]-0.052[0.012]	0.946[0.010]-0.054[0.010]	0.549[0.189]-0.244[0.126]-0.194[0.071]-0.013[0.008]	0.739[0.014]-0.164[0.019]-0.041[0.008]-0.027[0.002]-0.019[0.004]-0.010[0.004]	0.499[0.000]-0.441[0.000]-0.043[0.000]-0.017[0.000]	0.499[0.185]/0.395[0.253]-0.053[0.018]-0.031[0.034]-0.022[0.015]	1.000[0.000]	0.669[nan]-0.241[nan]-0.057[nan]-0.033[nan]	0.581[nan]-0.419[nan]	0.559[nan]-0.338[nan]-0.103[nan]	0.825[nan]-0.175[nan]	1.000[nan]	0.894[nan]-0.106[nan]	0.545[0.085]-0.190[0.093]-0.153[0.057]/0.112[0.081]	0.365[0.036]-0.287[0.029]/0.226[0.039]-0.080[0.011]-0.041[0.015]	0.363[0.014]/0.323[0.054]-0.238[0.028]-0.045[0.013]-0.030[0.007]	0.473[0.180]/0.297[0.077]-0.155[0.112]-0.029[0.009]-0.017[0.007]-0.016[0.006]-0.013[0.003]	0.412[0.028]-0.288[0.052]-0.226[0.019]-0.051[0.015]-0.023[0.009]	0.322[0.079]/0.303[0.027]/0.273[0.057]-0.102[0.053]	0.660[0.010]-0.226[0.022]-0.072[0.005]-0.022[0.007]-0.020[0.007]	0.703[0.036]-0.185[0.014]-0.112[0.030]	0.664[0.027]-0.210[0.023]-0.071[0.025]-0.029[0.012]-0.026[0.009]	0.420[0.082]/0.356[0.036]-0.090[0.050]-0.047[0.012]-0.045[0.008]-0.043[0.011]	0.625[0.158]-0.216[0.157]-0.159[0.052]	0.434[0.000]-0.219[0.000]-0.175[0.000]-0.074[0.000]-0.034[0.000]-0.017[0.000]-0.016[0.000]-0.015[0.000]-0.007[0.000]-0.007[0.000]	0.431[0.112]/0.336[0.211]-0.233[0.098]	0.627[0.029]-0.217[0.045]-0.091[0.003]-0.017[0.000]-0.017[0.005]-0.016[0.006]-0.008[0.003]-0.007[0.000]	1.000[nan]	0.500[nan]-0.500[nan]	1.000[nan]	1.000[nan]	0.606[nan]-0.228[nan]-0.091[nan]-0.021[nan]-0.018[nan]-0.018[nan]-0.010[nan]-0.009[nan]	0.469[nan]-0.271[nan]-0.152[nan]-0.108[nan]	0.616[nan]-0.259[nan]-0.083[nan]-0.015[nan]-0.014[nan]-0.013[nan]	0.668[nan]-0.243[nan]-0.061[nan]-0.020[nan]-0.008[nan]
